2
2

2
3

-1
-1

2
5

2
6

2
7

2
8

2
9

2
21

2
22

2
23

-1
-1

2
27

2
28

2
29

2
30

3
2

3
6

3
9

3
21

3
24

3
27

3
30

4
2

4
6

4
9

4
21

4
24

4
25

4
26

4
27

4
30

5
2

5
6

5
9

5
21

5
27

5
30

6
2

6
6

6
9

6
21

6
27

6
30

7
2

7
3

7
4

7
5

7
6

7
7

7
8

7
9

7
10

7
11

7
12

7
13

7
14

7
15

7
16

7
17

7
18

7
19

7
20

7
21

7
22

7
23

7
24

7
25

7
26

7
27

7
30

8
2

8
6

8
21

8
24

8
30

9
2

9
6

9
21

9
24

9
30

10
2

10
6

10
7

10
8

10
9

10
21

10
24

10
25

10
26

10
27

10
30

11
2

11
6

11
9

11
21

11
24

11
27

11
30

12
2

12
6

12
9

12
21

12
24

12
27

12
30

13
2

13
3

13
4

13
5

13
6

13
9

13
21

13
22

13
23

13
24

13
27

13
28

13
29

13
30

14
6

14
30

15
6

15
24

15
30

16
2

16
3

16
4

16
5

16
6

16
9

16
21

16
22

16
23

16
24

16
27

16
28

16
29

16
30

17
2

17
6

17
9

17
21

17
24

17
27

17
30

18
2

18
6

18
9

18
21

18
24

18
27

18
30

19
2

19
6

19
7

19
8

19
9

19
21

19
24

19
25

19
26

19
27

19
30

20
2

20
6

20
21

20
24

20
30

21
2

21
6

21
21

21
24

21
30

22
2

22
3

22
4

22
5

22
6

22
7

22
8

22
9

22
10

22
11

22
12

22
13

22
14

22
15

22
16

22
17

22
18

22
19

22
20

22
21

22
22

22
23

22
24

22
25

22
26

22
27

22
30

23
2

23
6

23
9

23
21

23
27

23
30

24
2

24
6

24
9

24
21

24
27

24
30

25
2

25
6

25
9

25
21

25
24

25
25

25
26

25
27

25
30

26
2

26
6

26
9

26
21

26
24

26
27

26
30

27
2

27
3

-1
-1

27
5

27
6

27
7

27
8

27
9

27
21

27
22

27
23

-1
-1

27
27

27
28

27
29

27
30
